time	V(vout)
0.000000000000000e+000	-3.000093e-003
1.428571445265854e-008	-3.000062e-003
2.857142890531708e-008	-3.000066e-003
4.285714335797562e-008	-3.000105e-003
5.714285781063416e-008	-3.000177e-003
7.142857226329269e-008	-3.000284e-003
8.571428671595124e-008	-3.000425e-003
1.000000011686097e-007	-3.000600e-003
8.000000093488779e-007	-3.057347e-003
1.600000018697756e-006	-3.230828e-003
3.200000037395512e-006	-3.892493e-003
6.400000074791024e-006	-6.078037e-003
9.968689828172818e-006	-9.698237e-003
1.508471708199459e-005	-1.668769e-002
2.107076309626131e-005	-2.681084e-002
2.953829517599214e-005	-4.349094e-002
3.930392017599214e-005	-6.464636e-002
4.906954517599214e-005	-8.696066e-002
5.883517017599214e-005	-1.097595e-001
6.860079517599214e-005	-1.325829e-001
7.836642017599213e-005	-1.551458e-001
8.813204517599213e-005	-1.772570e-001
1.076632951759921e-004	-2.195942e-001
1.271945451759921e-004	-2.587543e-001
1.467257951759921e-004	-2.940904e-001
1.662570451759922e-004	-3.250548e-001
1.857882951759922e-004	-3.511770e-001
2.053195451759922e-004	-3.720628e-001
2.248507951759922e-004	-3.873978e-001
2.443820451759922e-004	-3.969510e-001
2.639132951759922e-004	-4.005789e-001
2.834445451759922e-004	-3.982269e-001
3.029757951759923e-004	-3.899302e-001
3.225070451759923e-004	-3.758138e-001
3.420382951759923e-004	-3.560899e-001
3.615695451759923e-004	-3.310552e-001
3.811007951759923e-004	-3.010863e-001
4.006320451759923e-004	-2.666338e-001
4.201632951759924e-004	-2.282161e-001
4.396945451759924e-004	-1.864109e-001
4.592257951759924e-004	-1.418470e-001
4.787570451759924e-004	-9.519479e-002
4.982882951759924e-004	-4.715585e-002
5.178195451759924e-004	1.547241e-003
5.373507951759925e-004	5.018193e-002
5.568820451759925e-004	9.801672e-002
5.764132951759925e-004	1.443321e-001
5.959445451759925e-004	1.884315e-001
6.154757951759925e-004	2.296516e-001
6.350070451759926e-004	2.673724e-001
6.545382951759926e-004	3.010265e-001
6.740695451759926e-004	3.301077e-001
6.936007951759926e-004	3.541788e-001
7.131320451759926e-004	3.728775e-001
7.326632951759926e-004	3.859227e-001
7.521945451759927e-004	3.931181e-001
7.717257951759927e-004	3.943555e-001
7.912570451759927e-004	3.896164e-001
8.107882951759927e-004	3.789719e-001
8.303195451759927e-004	3.625822e-001
8.498507951759927e-004	3.406938e-001
8.693820451759928e-004	3.136359e-001
8.889132951759928e-004	2.818156e-001
9.084445451759928e-004	2.457113e-001
9.279757951759928e-004	2.058662e-001
9.475070451759928e-004	1.628795e-001
9.670382951759928e-004	1.173979e-001
9.865695451759928e-004	7.010532e-002
1.006100795175993e-003	2.171321e-002
1.025632045175993e-003	-2.705062e-002
1.045163295175993e-003	-7.545270e-002
1.064694545175993e-003	-1.227650e-001
1.084225795175993e-003	-1.682760e-001
1.103757045175993e-003	-2.113010e-001
1.123288295175993e-003	-2.511930e-001
1.142819545175993e-003	-2.873520e-001
1.162350795175993e-003	-3.192340e-001
1.181882045175993e-003	-3.463596e-001
1.201413295175993e-003	-3.683208e-001
1.220944545175993e-003	-3.847871e-001
1.240475795175993e-003	-3.955111e-001
1.260007045175993e-003	-4.003313e-001
1.279538295175993e-003	-3.991753e-001
1.299069545175993e-003	-3.920604e-001
1.318600795175993e-003	-3.790937e-001
1.338132045175993e-003	-3.604702e-001
1.357663295175993e-003	-3.364701e-001
1.377194545175993e-003	-3.074542e-001
1.396725795175993e-003	-2.738591e-001
1.416257045175993e-003	-2.361899e-001
1.435788295175993e-003	-1.950134e-001
1.455319545175993e-003	-1.509489e-001
1.474850795175993e-003	-1.046590e-001
1.494382045175993e-003	-5.684010e-002
1.513913295175993e-003	-8.211400e-003
1.533444545175993e-003	4.049569e-002
1.552975795175993e-003	8.854856e-002
1.572507045175993e-003	1.352244e-001
1.592038295175993e-003	1.798213e-001
1.611569545175993e-003	2.216684e-001
1.631100795175993e-003	2.601362e-001
1.650632045175993e-003	2.946462e-001
1.670163295175993e-003	3.246794e-001
1.689694545175993e-003	3.497839e-001
1.709225795175993e-003	3.695822e-001
1.728757045175993e-003	3.837766e-001
1.748288295175993e-003	3.921535e-001
1.767819545175993e-003	3.945869e-001
1.787350795175994e-003	3.910402e-001
1.806882045175994e-003	3.815668e-001
1.826413295175994e-003	3.663091e-001
1.845944545175994e-003	3.454967e-001
1.865475795175994e-003	3.194426e-001
1.885007045175994e-003	2.885386e-001
1.904538295175994e-003	2.532496e-001
1.924069545175994e-003	2.141064e-001
1.943600795175994e-003	1.716977e-001
1.963132045175993e-003	1.266614e-001
1.982663295175993e-003	7.967486e-002
2.002194545175993e-003	3.144481e-002
2.021725795175992e-003	-1.730333e-002
2.041257045175992e-003	-6.583634e-002
2.060788295175991e-003	-1.134242e-001
2.080319545175991e-003	-1.593512e-001
2.099850795175991e-003	-2.029266e-001
2.119382045175990e-003	-2.434948e-001
2.138913295175990e-003	-2.804458e-001
2.158444545175989e-003	-3.132238e-001
2.177975795175989e-003	-3.413357e-001
2.197507045175988e-003	-3.643587e-001
2.217038295175988e-003	-3.819466e-001
2.236569545175988e-003	-3.938347e-001
2.256100795175987e-003	-3.998443e-001
2.275632045175987e-003	-3.998850e-001
2.295163295175986e-003	-3.939562e-001
2.314694545175986e-003	-3.821471e-001
2.334225795175986e-003	-3.646352e-001
2.353757045175985e-003	-3.416840e-001
2.373288295175985e-003	-3.136387e-001
2.392819545175984e-003	-2.809211e-001
2.412350795175984e-003	-2.440233e-001
2.431882045175983e-003	-2.035003e-001
2.451413295175983e-003	-1.599616e-001
2.470944545175983e-003	-1.140620e-001
2.490475795175982e-003	-6.649192e-002
2.510007045175982e-003	-1.796690e-002
2.529538295175981e-003	3.078323e-002
2.549069545175981e-003	7.902524e-002
2.568600795175981e-003	1.260335e-001
2.588132045175980e-003	1.711010e-001
2.607663295175980e-003	2.135498e-001
2.627194545175979e-003	2.527415e-001
2.646725795175979e-003	2.880867e-001
2.666257045175978e-003	3.190536e-001
2.685788295175978e-003	3.451765e-001
2.705319545175978e-003	3.660626e-001
2.724850795175977e-003	3.813975e-001
2.744382045175977e-003	3.909508e-001
2.763913295175976e-003	3.945788e-001
2.783444545175976e-003	3.922267e-001
2.802975795175976e-003	3.839301e-001
2.822507045175975e-003	3.698136e-001
2.842038295175975e-003	3.500897e-001
2.861569545175974e-003	3.250551e-001
2.881100795175974e-003	2.950861e-001
2.900632045175973e-003	2.606336e-001
2.920163295175973e-003	2.222159e-001
2.939694545175973e-003	1.804107e-001
2.959225795175972e-003	1.358469e-001
2.978757045175972e-003	8.919461e-002
2.998288295175971e-003	4.115566e-002
3.017819545175971e-003	-7.547427e-003
3.037350795175971e-003	-5.618212e-002
3.056882045175970e-003	-1.040169e-001
3.076413295175970e-003	-1.503323e-001
3.095944545175969e-003	-1.944317e-001
3.115475795175969e-003	-2.356518e-001
3.135007045175968e-003	-2.733725e-001
3.154538295175968e-003	-3.070267e-001
3.174069545175968e-003	-3.361079e-001
3.193600795175967e-003	-3.601790e-001
3.213132045175967e-003	-3.788777e-001
3.232663295175966e-003	-3.919229e-001
3.252194545175966e-003	-3.991183e-001
3.271725795175966e-003	-4.003557e-001
3.291257045175965e-003	-3.956166e-001
3.310788295175965e-003	-3.849721e-001
3.330319545175964e-003	-3.685824e-001
3.349850795175964e-003	-3.466940e-001
3.369382045175963e-003	-3.196361e-001
3.388913295175963e-003	-2.878157e-001
3.408444545175963e-003	-2.517115e-001
3.427975795175962e-003	-2.118663e-001
3.447507045175962e-003	-1.688797e-001
3.467038295175961e-003	-1.233981e-001
3.486569545175961e-003	-7.610551e-002
3.506100795175961e-003	-2.771339e-002
3.525632045175960e-003	2.105043e-002
3.545163295175960e-003	6.945252e-002
3.564694545175959e-003	1.167648e-001
3.584225795175959e-003	1.622758e-001
3.603757045175958e-003	2.053008e-001
3.623288295175958e-003	2.451929e-001
3.642819545175958e-003	2.813518e-001
3.662350795175957e-003	3.132339e-001
3.681882045175957e-003	3.403594e-001
3.701413295175956e-003	3.623206e-001
3.720944545175956e-003	3.787870e-001
3.740475795175956e-003	3.895109e-001
3.760007045175955e-003	3.943311e-001
3.779538295175955e-003	3.931751e-001
3.799069545175954e-003	3.860602e-001
3.818600795175954e-003	3.730935e-001
3.838132045175953e-003	3.544700e-001
3.857663295175953e-003	3.304698e-001
3.877194545175953e-003	3.014540e-001
3.896725795175952e-003	2.678589e-001
3.916257045175952e-003	2.301897e-001
3.935788295175951e-003	1.890132e-001
3.955319545175951e-003	1.449487e-001
3.974850795175951e-003	9.865882e-002
3.994382045175950e-003	5.083992e-002
4.013913295175950e-003	2.211215e-003
4.033444545175949e-003	-4.649587e-002
4.052975795175949e-003	-9.454873e-002
4.072507045175948e-003	-1.412246e-001
4.092038295175948e-003	-1.858215e-001
4.111569545175948e-003	-2.276686e-001
4.131100795175947e-003	-2.661364e-001
4.150632045175947e-003	-3.006464e-001
4.170163295175946e-003	-3.306795e-001
4.189694545175946e-003	-3.557841e-001
4.209225795175946e-003	-3.755825e-001
4.228757045175945e-003	-3.897768e-001
4.248288295175945e-003	-3.981537e-001
4.267819545175944e-003	-4.005871e-001
4.287350795175944e-003	-3.970404e-001
4.306882045175943e-003	-3.875670e-001
4.326413295175943e-003	-3.723093e-001
4.345944545175943e-003	-3.514969e-001
4.365475795175942e-003	-3.254428e-001
4.385007045175942e-003	-2.945388e-001
4.404538295175941e-003	-2.592498e-001
4.424069545175941e-003	-2.201066e-001
4.443600795175941e-003	-1.776979e-001
4.463132045175940e-003	-1.326616e-001
4.482663295175940e-003	-8.567505e-002
4.502194545175939e-003	-3.744499e-002
4.521725795175939e-003	1.130315e-002
4.541257045175938e-003	5.983615e-002
4.560788295175938e-003	1.074240e-001
4.580319545175938e-003	1.533511e-001
4.599850795175937e-003	1.969264e-001
4.619382045175937e-003	2.374946e-001
4.638913295175936e-003	2.744457e-001
4.658444545175936e-003	3.072236e-001
4.677975795175936e-003	3.353355e-001
4.697507045175935e-003	3.583585e-001
4.717038295175935e-003	3.759463e-001
4.736569545175934e-003	3.878345e-001
4.756100795175934e-003	3.938441e-001
4.775632045175933e-003	3.938848e-001
4.795163295175933e-003	3.879561e-001
4.814694545175933e-003	3.761469e-001
4.834225795175932e-003	3.586350e-001
4.853757045175932e-003	3.356838e-001
4.873288295175931e-003	3.076385e-001
4.892819545175931e-003	2.749209e-001
4.912350795175931e-003	2.380231e-001
4.931882045175930e-003	1.975001e-001
4.951413295175930e-003	1.539614e-001
4.970944545175929e-003	1.080618e-001
4.990475795175929e-003	6.049174e-002
5.010007045175929e-003	1.196672e-002
5.029538295175928e-003	-3.678342e-002
5.049069545175928e-003	-8.502542e-002
5.068600795175927e-003	-1.320337e-001
5.088132045175927e-003	-1.771012e-001
5.107663295175926e-003	-2.195500e-001
5.127194545175926e-003	-2.587417e-001
5.146725795175926e-003	-2.940869e-001
5.166257045175925e-003	-3.250538e-001
5.185788295175925e-003	-3.511767e-001
5.205319545175924e-003	-3.720628e-001
5.224850795175924e-003	-3.873977e-001
5.244382045175924e-003	-3.969510e-001
5.263913295175923e-003	-4.005789e-001
5.283444545175923e-003	-3.982269e-001
5.302975795175922e-003	-3.899302e-001
5.322507045175922e-003	-3.758138e-001
5.342038295175921e-003	-3.560899e-001
5.361569545175921e-003	-3.310552e-001
5.381100795175921e-003	-3.010863e-001
5.400632045175920e-003	-2.666338e-001
5.420163295175920e-003	-2.282161e-001
5.439694545175919e-003	-1.864109e-001
5.459225795175919e-003	-1.418470e-001
5.478757045175919e-003	-9.519479e-002
5.498288295175918e-003	-4.715585e-002
5.517819545175918e-003	1.547241e-003
5.537350795175917e-003	5.018194e-002
5.556882045175917e-003	9.801672e-002
5.576413295175916e-003	1.443321e-001
5.595944545175916e-003	1.884315e-001
5.615475795175916e-003	2.296516e-001
5.635007045175915e-003	2.673724e-001
5.654538295175915e-003	3.010265e-001
5.674069545175914e-003	3.301077e-001
5.693600795175914e-003	3.541788e-001
5.713132045175914e-003	3.728775e-001
5.732663295175913e-003	3.859227e-001
5.752194545175913e-003	3.931181e-001
5.771725795175912e-003	3.943555e-001
5.791257045175912e-003	3.896164e-001
5.810788295175911e-003	3.789719e-001
5.830319545175911e-003	3.625822e-001
5.849850795175911e-003	3.406938e-001
5.869382045175910e-003	3.136359e-001
5.888913295175910e-003	2.818156e-001
5.908444545175909e-003	2.457113e-001
5.927975795175909e-003	2.058662e-001
5.947507045175909e-003	1.628795e-001
5.967038295175908e-003	1.173979e-001
5.986569545175908e-003	7.010532e-002
6.006100795175907e-003	2.171321e-002
6.025632045175907e-003	-2.705062e-002
6.045163295175906e-003	-7.545270e-002
6.064694545175906e-003	-1.227650e-001
6.084225795175906e-003	-1.682760e-001
6.103757045175905e-003	-2.113010e-001
6.123288295175905e-003	-2.511930e-001
6.142819545175904e-003	-2.873520e-001
6.162350795175904e-003	-3.192340e-001
6.181882045175904e-003	-3.463596e-001
6.201413295175903e-003	-3.683208e-001
6.220944545175903e-003	-3.847871e-001
6.240475795175902e-003	-3.955111e-001
6.260007045175902e-003	-4.003313e-001
6.279538295175901e-003	-3.991753e-001
6.299069545175901e-003	-3.920604e-001
6.318600795175901e-003	-3.790937e-001
6.338132045175900e-003	-3.604702e-001
6.357663295175900e-003	-3.364701e-001
6.377194545175899e-003	-3.074542e-001
6.396725795175899e-003	-2.738591e-001
6.416257045175899e-003	-2.361899e-001
6.435788295175898e-003	-1.950134e-001
6.455319545175898e-003	-1.509489e-001
6.474850795175897e-003	-1.046590e-001
6.494382045175897e-003	-5.684010e-002
6.513913295175896e-003	-8.211400e-003
6.533444545175896e-003	4.049569e-002
6.552975795175896e-003	8.854856e-002
6.572507045175895e-003	1.352244e-001
6.592038295175895e-003	1.798213e-001
6.611569545175894e-003	2.216684e-001
6.631100795175894e-003	2.601362e-001
6.650632045175894e-003	2.946462e-001
6.670163295175893e-003	3.246794e-001
6.689694545175893e-003	3.497839e-001
6.709225795175892e-003	3.695822e-001
6.728757045175892e-003	3.837766e-001
6.748288295175891e-003	3.921535e-001
6.767819545175891e-003	3.945869e-001
6.787350795175891e-003	3.910402e-001
6.806882045175890e-003	3.815668e-001
6.826413295175890e-003	3.663091e-001
6.845944545175889e-003	3.454967e-001
6.865475795175889e-003	3.194426e-001
6.885007045175889e-003	2.885386e-001
6.904538295175888e-003	2.532496e-001
6.924069545175888e-003	2.141064e-001
6.943600795175887e-003	1.716977e-001
6.963132045175887e-003	1.266614e-001
6.982663295175886e-003	7.967486e-002
7.002194545175886e-003	3.144481e-002
7.021725795175886e-003	-1.730333e-002
7.041257045175885e-003	-6.583634e-002
7.060788295175885e-003	-1.134242e-001
7.080319545175884e-003	-1.593512e-001
7.099850795175884e-003	-2.029266e-001
7.119382045175884e-003	-2.434948e-001
7.138913295175883e-003	-2.804458e-001
7.158444545175883e-003	-3.132238e-001
7.177975795175882e-003	-3.413357e-001
7.197507045175882e-003	-3.643587e-001
7.217038295175881e-003	-3.819466e-001
7.236569545175881e-003	-3.938347e-001
7.256100795175881e-003	-3.998443e-001
7.275632045175880e-003	-3.998850e-001
7.295163295175880e-003	-3.939562e-001
7.314694545175879e-003	-3.821471e-001
7.334225795175879e-003	-3.646352e-001
7.353757045175879e-003	-3.416840e-001
7.373288295175878e-003	-3.136387e-001
7.392819545175878e-003	-2.809211e-001
7.412350795175877e-003	-2.440233e-001
7.431882045175877e-003	-2.035003e-001
7.451413295175876e-003	-1.599616e-001
7.470944545175876e-003	-1.140620e-001
7.490475795175876e-003	-6.649192e-002
7.510007045175875e-003	-1.796690e-002
7.529538295175875e-003	3.078323e-002
7.549069545175874e-003	7.902524e-002
7.568600795175874e-003	1.260335e-001
7.588132045175874e-003	1.711010e-001
7.607663295175873e-003	2.135498e-001
7.627194545175873e-003	2.527415e-001
7.646725795175872e-003	2.880867e-001
7.666257045175872e-003	3.190536e-001
7.685788295175871e-003	3.451765e-001
7.705319545175871e-003	3.660626e-001
7.724850795175871e-003	3.813975e-001
7.744382045175870e-003	3.909508e-001
7.763913295175870e-003	3.945788e-001
7.783444545175869e-003	3.922267e-001
7.802975795175869e-003	3.839301e-001
7.822507045175869e-003	3.698136e-001
7.842038295175869e-003	3.500897e-001
7.861569545175869e-003	3.250551e-001
7.881100795175868e-003	2.950861e-001
7.900632045175868e-003	2.606336e-001
7.920163295175867e-003	2.222159e-001
7.939694545175867e-003	1.804107e-001
7.959225795175867e-003	1.358469e-001
7.978757045175866e-003	8.919461e-002
7.998288295175866e-003	4.115566e-002
8.017819545175865e-003	-7.547427e-003
8.037350795175865e-003	-5.618212e-002
8.056882045175864e-003	-1.040169e-001
8.076413295175864e-003	-1.503323e-001
8.095944545175864e-003	-1.944317e-001
8.115475795175863e-003	-2.356518e-001
8.135007045175863e-003	-2.733725e-001
8.154538295175862e-003	-3.070267e-001
8.174069545175862e-003	-3.361079e-001
8.193600795175862e-003	-3.601790e-001
8.213132045175861e-003	-3.788777e-001
8.232663295175861e-003	-3.919229e-001
8.252194545175860e-003	-3.991183e-001
8.271725795175860e-003	-4.003557e-001
8.291257045175859e-003	-3.956166e-001
8.310788295175859e-003	-3.849721e-001
8.330319545175859e-003	-3.685824e-001
8.349850795175858e-003	-3.466940e-001
8.369382045175858e-003	-3.196361e-001
8.388913295175857e-003	-2.878157e-001
8.408444545175857e-003	-2.517115e-001
8.427975795175857e-003	-2.118663e-001
8.447507045175856e-003	-1.688797e-001
8.467038295175856e-003	-1.233981e-001
8.486569545175855e-003	-7.610551e-002
8.506100795175855e-003	-2.771339e-002
8.525632045175854e-003	2.105043e-002
8.545163295175854e-003	6.945252e-002
8.564694545175854e-003	1.167648e-001
8.584225795175853e-003	1.622758e-001
8.603757045175853e-003	2.053008e-001
8.623288295175852e-003	2.451929e-001
8.642819545175852e-003	2.813518e-001
8.662350795175852e-003	3.132339e-001
8.681882045175851e-003	3.403594e-001
8.701413295175851e-003	3.623206e-001
8.720944545175850e-003	3.787870e-001
8.740475795175850e-003	3.895109e-001
8.760007045175849e-003	3.943311e-001
8.779538295175849e-003	3.931751e-001
8.799069545175849e-003	3.860602e-001
8.818600795175848e-003	3.730935e-001
8.838132045175848e-003	3.544700e-001
8.857663295175847e-003	3.304698e-001
8.877194545175847e-003	3.014540e-001
8.896725795175847e-003	2.678589e-001
8.916257045175846e-003	2.301897e-001
8.935788295175846e-003	1.890132e-001
8.955319545175845e-003	1.449487e-001
8.974850795175845e-003	9.865882e-002
8.994382045175844e-003	5.083992e-002
9.013913295175844e-003	2.211215e-003
9.033444545175844e-003	-4.649587e-002
9.052975795175843e-003	-9.454873e-002
9.072507045175843e-003	-1.412246e-001
9.092038295175842e-003	-1.858215e-001
9.111569545175842e-003	-2.276686e-001
9.131100795175842e-003	-2.661364e-001
9.150632045175841e-003	-3.006464e-001
9.170163295175841e-003	-3.306795e-001
9.189694545175840e-003	-3.557841e-001
9.209225795175840e-003	-3.755825e-001
9.228757045175839e-003	-3.897768e-001
9.248288295175839e-003	-3.981537e-001
9.267819545175839e-003	-4.005871e-001
9.287350795175838e-003	-3.970404e-001
9.306882045175838e-003	-3.875670e-001
9.326413295175837e-003	-3.723093e-001
9.345944545175837e-003	-3.514969e-001
9.365475795175837e-003	-3.254428e-001
9.385007045175836e-003	-2.945388e-001
9.404538295175836e-003	-2.592498e-001
9.424069545175835e-003	-2.201066e-001
9.443600795175835e-003	-1.776979e-001
9.463132045175834e-003	-1.326616e-001
9.482663295175834e-003	-8.567505e-002
9.502194545175834e-003	-3.744499e-002
9.521725795175833e-003	1.130315e-002
9.541257045175833e-003	5.983615e-002
9.560788295175832e-003	1.074240e-001
9.580319545175832e-003	1.533511e-001
9.599850795175832e-003	1.969264e-001
9.619382045175831e-003	2.374946e-001
9.638913295175831e-003	2.744457e-001
9.658444545175830e-003	3.072236e-001
9.677975795175830e-003	3.353355e-001
9.697507045175829e-003	3.583585e-001
9.717038295175829e-003	3.759463e-001
9.736569545175829e-003	3.878345e-001
9.756100795175828e-003	3.938441e-001
9.775632045175828e-003	3.938848e-001
9.795163295175827e-003	3.879561e-001
9.814694545175827e-003	3.761469e-001
9.834225795175827e-003	3.586350e-001
9.853757045175826e-003	3.356838e-001
9.873288295175826e-003	3.076385e-001
9.892819545175825e-003	2.749209e-001
9.912350795175825e-003	2.380231e-001
9.931882045175824e-003	1.975001e-001
9.951413295175824e-003	1.539614e-001
9.970944545175824e-003	1.080618e-001
9.990475795175823e-003	6.049297e-002
1.000000000000000e-002	-1.#IND00e+000
