time	V(vout1)
0.000000000000000e+000	0.000000e+000
1.006310719976990e-005	6.266602e-004
2.030310719977066e-005	1.254441e-003
3.054310719977230e-005	1.868689e-003
4.078310719977393e-005	2.466931e-003
5.102310719977557e-005	3.046759e-003
6.126310719977705e-005	3.605841e-003
7.150310719977175e-005	4.141932e-003
8.174310719976645e-005	4.652878e-003
9.198310719976114e-005	5.136632e-003
1.022231071997558e-004	5.591259e-003
1.124631071997505e-004	6.014943e-003
1.227031071997453e-004	6.405995e-003
1.329431071997400e-004	6.762863e-003
1.431831071997347e-004	7.084134e-003
1.534231071997293e-004	7.368544e-003
1.636631071997240e-004	7.614979e-003
1.739031071997187e-004	7.822484e-003
1.841431071997134e-004	7.990262e-003
1.943831071997081e-004	8.117683e-003
2.046231071997028e-004	8.204282e-003
2.148631071996975e-004	8.249762e-003
2.251031071996922e-004	8.253999e-003
2.353431071996869e-004	8.217036e-003
2.455831071996817e-004	8.139086e-003
2.558231071996764e-004	8.020533e-003
2.660631071996711e-004	7.861929e-003
2.763031071996657e-004	7.663990e-003
2.865431071996604e-004	7.427596e-003
2.967831071996551e-004	7.153783e-003
3.070231071996498e-004	6.843744e-003
3.172631071996445e-004	6.498822e-003
3.275031071996392e-004	6.120502e-003
3.377431071996339e-004	5.710407e-003
3.479831071996286e-004	5.270293e-003
3.582231071996233e-004	4.802039e-003
3.684631071996180e-004	4.307639e-003
3.787031071996127e-004	3.789196e-003
3.889431071996074e-004	3.248913e-003
3.991831071996021e-004	2.689081e-003
4.094231071995968e-004	2.112072e-003
4.196631071995915e-004	1.520330e-003
4.299031071995862e-004	9.163595e-004
4.401431071995809e-004	3.027140e-004
4.503831071995756e-004	-3.180125e-004
4.606231071995703e-004	-9.431970e-004
4.708631071995650e-004	-1.570199e-003
4.811031071995597e-004	-2.196369e-003
4.913431071995710e-004	-2.819064e-003
5.015831071996213e-004	-3.435653e-003
5.118231071996715e-004	-4.043533e-003
5.220631071997217e-004	-4.640136e-003
5.323031071997719e-004	-5.222941e-003
5.425431071998221e-004	-5.789484e-003
5.527831071998723e-004	-6.337370e-003
5.630231071999225e-004	-6.864281e-003
5.732631071999727e-004	-7.367986e-003
5.835031072000229e-004	-7.846349e-003
5.937431072000731e-004	-8.297342e-003
6.039831072001233e-004	-8.719048e-003
6.142231072001736e-004	-9.109673e-003
6.244631072002238e-004	-9.467551e-003
6.347031072002740e-004	-9.791153e-003
6.449431072003242e-004	-1.007909e-002
6.551831072003744e-004	-1.033013e-002
6.654231072004246e-004	-1.054317e-002
6.756631072004748e-004	-1.071730e-002
6.859031072005250e-004	-1.085173e-002
6.961431072005752e-004	-1.094588e-002
7.063831072006254e-004	-1.099930e-002
7.166231072006756e-004	-1.101173e-002
7.268631072007259e-004	-1.098307e-002
7.371031072007761e-004	-1.091339e-002
7.473431072008263e-004	-1.080293e-002
7.575831072008765e-004	-1.065211e-002
7.678231072009267e-004	-1.046151e-002
7.780631072009769e-004	-1.023187e-002
7.883031072010271e-004	-9.964093e-003
7.985431072010773e-004	-9.659249e-003
8.087831072011275e-004	-9.318556e-003
8.190231072011777e-004	-8.943378e-003
8.292631072012279e-004	-8.535225e-003
8.395031072012781e-004	-8.095744e-003
8.497431072013284e-004	-7.626712e-003
8.599831072013786e-004	-7.130027e-003
8.702231072014288e-004	-6.607702e-003
8.804631072014790e-004	-6.061858e-003
8.907031072015292e-004	-5.494713e-003
9.009431072015794e-004	-4.908573e-003
9.111831072016296e-004	-4.305821e-003
9.214231072016798e-004	-3.688914e-003
9.316631072017300e-004	-3.060363e-003
9.419031072017802e-004	-2.422729e-003
9.521431072018304e-004	-1.778612e-003
9.623831072018807e-004	-1.130639e-003
9.726231072019309e-004	-4.814510e-004
9.828631072019128e-004	1.663031e-004
9.931031072018520e-004	8.099814e-004
1.003343107201791e-003	1.446958e-003
1.013583107201730e-003	2.074636e-003
1.023823107201670e-003	2.690453e-003
1.034063107201609e-003	3.291900e-003
1.044303107201548e-003	3.876525e-003
1.054543107201487e-003	4.441943e-003
1.064783107201426e-003	4.985854e-003
1.075023107201365e-003	5.506041e-003
1.085263107201305e-003	6.000387e-003
1.095503107201244e-003	6.466884e-003
1.105743107201183e-003	6.903635e-003
1.115983107201122e-003	7.308869e-003
1.126223107201061e-003	7.680942e-003
1.136463107201001e-003	8.018351e-003
1.146703107200940e-003	8.319733e-003
1.156943107200879e-003	8.583874e-003
1.167183107200818e-003	8.809716e-003
1.177423107200757e-003	8.996358e-003
1.187663107200697e-003	9.143059e-003
1.197903107200636e-003	9.249248e-003
1.208143107200575e-003	9.314515e-003
1.218383107200514e-003	9.338625e-003
1.228623107200453e-003	9.321508e-003
1.238863107200392e-003	9.263269e-003
1.249103107200332e-003	9.164180e-003
1.259343107200271e-003	9.024682e-003
1.269583107200210e-003	8.845383e-003
1.279823107200149e-003	8.627058e-003
1.290063107200088e-003	8.370640e-003
1.300303107200028e-003	8.077220e-003
1.310543107199967e-003	7.748043e-003
1.320783107199906e-003	7.384501e-003
1.331023107199845e-003	6.988129e-003
1.341263107199784e-003	6.560596e-003
1.351503107199724e-003	6.103700e-003
1.361743107199663e-003	5.619362e-003
1.371983107199602e-003	5.109615e-003
1.382223107199541e-003	4.576596e-003
1.392463107199480e-003	4.022539e-003
1.402703107199419e-003	3.449765e-003
1.412943107199359e-003	2.860673e-003
1.423183107199298e-003	2.257728e-003
1.433423107199237e-003	1.643453e-003
1.443663107199176e-003	1.020416e-003
1.453903107199115e-003	3.912227e-004
1.464143107199055e-003	-2.414963e-004
1.474383107198994e-003	-8.750961e-004
1.484623107198933e-003	-1.506929e-003
1.494863107198872e-003	-2.134353e-003
1.505103107198811e-003	-2.754748e-003
1.515343107198751e-003	-3.365519e-003
1.525583107198690e-003	-3.964114e-003
1.535823107198629e-003	-4.548031e-003
1.546063107198568e-003	-5.114828e-003
1.556303107198507e-003	-5.662135e-003
1.566543107198446e-003	-6.187663e-003
1.576783107198386e-003	-6.689213e-003
1.587023107198325e-003	-7.164685e-003
1.597263107198264e-003	-7.612087e-003
1.607503107198203e-003	-8.029544e-003
1.617743107198142e-003	-8.415306e-003
1.627983107198082e-003	-8.767753e-003
1.638223107198021e-003	-9.085402e-003
1.648463107197960e-003	-9.366917e-003
1.658703107197899e-003	-9.611111e-003
1.668943107197838e-003	-9.816950e-003
1.679183107197778e-003	-9.983560e-003
1.689423107197717e-003	-1.011023e-002
1.699663107197656e-003	-1.019641e-002
1.709903107197595e-003	-1.024173e-002
1.720143107197534e-003	-1.024598e-002
1.730383107197473e-003	-1.020911e-002
1.740623107197413e-003	-1.013126e-002
1.750863107197352e-003	-1.001273e-002
1.761103107197291e-003	-9.853988e-003
1.771343107197230e-003	-9.655674e-003
1.781583107197169e-003	-9.418587e-003
1.791823107197109e-003	-9.143688e-003
1.802063107197048e-003	-8.832093e-003
1.812303107196987e-003	-8.485074e-003
1.822543107196926e-003	-8.104046e-003
1.832783107196865e-003	-7.690567e-003
1.843023107196804e-003	-7.246328e-003
1.853263107196744e-003	-6.773149e-003
1.863503107196683e-003	-6.272969e-003
1.873743107196622e-003	-5.747839e-003
1.883983107196561e-003	-5.199913e-003
1.894223107196500e-003	-4.631442e-003
1.904463107196440e-003	-4.044759e-003
1.914703107196379e-003	-3.442274e-003
1.924943107196318e-003	-2.826462e-003
1.935183107196257e-003	-2.199855e-003
1.945423107196196e-003	-1.565027e-003
1.955663107196136e-003	-9.245886e-004
1.965903107196075e-003	-2.811728e-004
1.976143107196014e-003	3.625748e-004
1.986383107195953e-003	1.004007e-003
1.996623107195892e-003	1.640486e-003
2.006863107195831e-003	2.269395e-003
2.017103107195771e-003	2.888147e-003
2.027343107195710e-003	3.494197e-003
2.037583107195649e-003	4.085054e-003
2.047823107195588e-003	4.658289e-003
2.058063107195527e-003	5.211545e-003
2.068303107195467e-003	5.742548e-003
2.078543107195406e-003	6.249116e-003
2.088783107195345e-003	6.729168e-003
2.099023107195284e-003	7.180732e-003
2.109263107195223e-003	7.601955e-003
2.119503107195163e-003	7.991107e-003
2.129743107195102e-003	8.346595e-003
2.139983107195041e-003	8.666960e-003
2.150223107194980e-003	8.950890e-003
2.160463107194919e-003	9.197226e-003
2.170703107194858e-003	9.404962e-003
2.180943107194798e-003	9.573252e-003
2.191183107194737e-003	9.701414e-003
2.201423107194676e-003	9.788929e-003
2.211663107194615e-003	9.835451e-003
2.221903107194554e-003	9.840799e-003
2.232143107194494e-003	9.804964e-003
2.242383107194433e-003	9.728108e-003
2.252623107194372e-003	9.610561e-003
2.262863107194311e-003	9.452822e-003
2.273103107194250e-003	9.255557e-003
2.283343107194190e-003	9.019596e-003
2.293583107194129e-003	8.745925e-003
2.303823107194068e-003	8.435689e-003
2.314063107194007e-003	8.090186e-003
2.324303107193946e-003	7.710855e-003
2.334543107193885e-003	7.299280e-003
2.344783107193825e-003	6.857174e-003
2.355023107193764e-003	6.386378e-003
2.365263107193703e-003	5.888852e-003
2.375503107193642e-003	5.366666e-003
2.385743107193581e-003	4.821992e-003
2.395983107193521e-003	4.257096e-003
2.406223107193460e-003	3.674325e-003
2.416463107193399e-003	3.076101e-003
2.426703107193338e-003	2.464911e-003
2.436943107193277e-003	1.843295e-003
2.447183107193217e-003	1.213835e-003
2.457423107193156e-003	5.791457e-004
2.467663107193095e-003	-5.813539e-005
2.477903107193034e-003	-6.953616e-004
2.488143107192973e-003	-1.329886e-003
2.498383107192912e-003	-1.959073e-003
2.508623107192852e-003	-2.580310e-003
2.518863107192791e-003	-3.191016e-003
2.529103107192730e-003	-3.788654e-003
2.539343107192669e-003	-4.370742e-003
2.549583107192608e-003	-4.934863e-003
2.559823107192548e-003	-5.478673e-003
2.570063107192487e-003	-5.999912e-003
2.580303107192426e-003	-6.496414e-003
2.590543107192365e-003	-6.966116e-003
2.600783107192304e-003	-7.407067e-003
2.611023107192243e-003	-7.817432e-003
2.621263107192183e-003	-8.195505e-003
2.631503107192122e-003	-8.539715e-003
2.641743107192061e-003	-8.848626e-003
2.651983107192000e-003	-9.120954e-003
2.662223107191939e-003	-9.355563e-003
2.672463107191879e-003	-9.551475e-003
2.682703107191818e-003	-9.707871e-003
2.692943107191757e-003	-9.824096e-003
2.703183107191696e-003	-9.899663e-003
2.713423107191635e-003	-9.934249e-003
2.723663107191575e-003	-9.927707e-003
2.733903107191514e-003	-9.880054e-003
2.744143107191453e-003	-9.791480e-003
2.754383107191392e-003	-9.662347e-003
2.764623107191331e-003	-9.493180e-003
2.774863107191270e-003	-9.284673e-003
2.785103107191210e-003	-9.037683e-003
2.795343107191149e-003	-8.753223e-003
2.805583107191088e-003	-8.432466e-003
2.815823107191027e-003	-8.076731e-003
2.826063107190966e-003	-7.687484e-003
2.836303107190906e-003	-7.266331e-003
2.846543107190845e-003	-6.815007e-003
2.856783107190784e-003	-6.335374e-003
2.867023107190723e-003	-5.829411e-003
2.877263107190662e-003	-5.299205e-003
2.887503107190602e-003	-4.746945e-003
2.897743107190541e-003	-4.174910e-003
2.907983107190480e-003	-3.585462e-003
2.918223107190419e-003	-2.981034e-003
2.928463107190358e-003	-2.364122e-003
2.938703107190297e-003	-1.737273e-003
2.948943107190237e-003	-1.103077e-003
2.959183107190176e-003	-4.641511e-004
2.969423107190115e-003	1.768646e-004
2.979663107190054e-003	8.173229e-004
2.989903107189993e-003	1.454579e-003
3.000143107189933e-003	2.086000e-003
3.010383107189872e-003	2.708978e-003
3.020623107189811e-003	3.320941e-003
3.030863107189750e-003	3.919359e-003
3.041103107189689e-003	4.501763e-003
3.051343107189629e-003	5.065747e-003
3.061583107189568e-003	5.608980e-003
3.071823107189507e-003	6.129219e-003
3.082063107189446e-003	6.624317e-003
3.092303107189385e-003	7.092228e-003
3.102543107189324e-003	7.531021e-003
3.112783107189264e-003	7.938883e-003
3.123023107189203e-003	8.314132e-003
3.133263107189142e-003	8.655217e-003
3.143503107189081e-003	8.960734e-003
3.153743107189020e-003	9.229419e-003
3.163983107188960e-003	9.460166e-003
3.174223107188899e-003	9.652023e-003
3.184463107188838e-003	9.804200e-003
3.194703107188777e-003	9.916072e-003
3.204943107188716e-003	9.987177e-003
3.215183107188656e-003	1.001723e-002
3.225423107188595e-003	1.000610e-002
3.235663107188534e-003	9.953845e-003
3.245903107188473e-003	9.860682e-003
3.256143107188412e-003	9.727000e-003
3.266383107188351e-003	9.553355e-003
3.276623107188291e-003	9.340469e-003
3.286863107188230e-003	9.089225e-003
3.297103107188169e-003	8.800668e-003
3.307343107188108e-003	8.475992e-003
3.317583107188047e-003	8.116546e-003
3.327823107187987e-003	7.723819e-003
3.338063107187926e-003	7.299440e-003
3.348303107187865e-003	6.845167e-003
3.358543107187804e-003	6.362882e-003
3.368783107187743e-003	5.854585e-003
3.379023107187682e-003	5.322381e-003
3.389263107187622e-003	4.768475e-003
3.399503107187561e-003	4.195162e-003
3.409743107187500e-003	3.604815e-003
3.419983107187439e-003	2.999882e-003
3.430223107187378e-003	2.382867e-003
3.440463107187318e-003	1.756326e-003
3.450703107187257e-003	1.122854e-003
3.460943107187196e-003	4.850741e-004
3.471183107187135e-003	-1.543719e-004
3.481423107187074e-003	-7.928360e-004
3.491663107187014e-003	-1.427674e-003
3.501903107186953e-003	-2.056257e-003
3.512143107186892e-003	-2.675982e-003
3.522383107186831e-003	-3.284283e-003
3.532623107186770e-003	-3.878640e-003
3.542863107186709e-003	-4.456592e-003
3.553103107186649e-003	-5.015746e-003
3.563343107186588e-003	-5.553786e-003
3.573583107186527e-003	-6.068484e-003
3.583823107186466e-003	-6.557710e-003
3.594063107186405e-003	-7.019436e-003
3.604303107186345e-003	-7.451750e-003
3.614543107186284e-003	-7.852862e-003
3.624783107186223e-003	-8.221111e-003
3.635023107186162e-003	-8.554972e-003
3.645263107186101e-003	-8.853061e-003
3.655503107186041e-003	-9.114144e-003
3.665743107185980e-003	-9.337140e-003
3.675983107185919e-003	-9.521124e-003
3.686223107185858e-003	-9.665333e-003
3.696463107185797e-003	-9.769171e-003
3.706703107185736e-003	-9.832205e-003
3.716943107185676e-003	-9.854174e-003
3.727183107185615e-003	-9.834988e-003
3.737423107185554e-003	-9.774722e-003
3.747663107185493e-003	-9.673628e-003
3.757903107185432e-003	-9.532121e-003
3.768143107185372e-003	-9.350786e-003
3.778383107185311e-003	-9.130374e-003
3.788623107185250e-003	-8.871795e-003
3.798863107185189e-003	-8.576118e-003
3.809103107185128e-003	-8.244568e-003
3.819343107185068e-003	-7.878514e-003
3.829583107185007e-003	-7.479472e-003
3.839823107184946e-003	-7.049091e-003
3.850063107184885e-003	-6.589153e-003
3.860303107184824e-003	-6.101560e-003
3.870543107184763e-003	-5.588329e-003
3.880783107184703e-003	-5.051584e-003
3.891023107184642e-003	-4.493546e-003
3.901263107184581e-003	-3.916522e-003
3.911503107184520e-003	-3.322902e-003
3.921743107184459e-003	-2.715140e-003
3.931983107184399e-003	-2.095753e-003
3.942223107184338e-003	-1.467301e-003
3.952463107184277e-003	-8.323872e-004
3.962703107184216e-003	-1.936370e-004
3.972943107184155e-003	4.463059e-004
3.983183107184094e-003	1.084794e-003
3.993423107184034e-003	1.719184e-003
4.003663107183973e-003	2.346852e-003
4.013903107183912e-003	2.965200e-003
4.024143107183851e-003	3.571670e-003
4.034383107183790e-003	4.163751e-003
4.044623107183730e-003	4.738995e-003
4.054863107183669e-003	5.295019e-003
4.065103107183608e-003	5.829524e-003
4.075343107183547e-003	6.340296e-003
4.085583107183486e-003	6.825224e-003
4.095823107183426e-003	7.282299e-003
4.106063107183365e-003	7.709630e-003
4.116303107183304e-003	8.105448e-003
4.126543107183243e-003	8.468116e-003
4.136783107183182e-003	8.796132e-003
4.147023107183121e-003	9.088138e-003
4.157263107183061e-003	9.342927e-003
4.167503107183000e-003	9.559443e-003
4.177743107182939e-003	9.736790e-003
4.187983107182878e-003	9.874234e-003
4.198223107182817e-003	9.971205e-003
4.208463107182757e-003	1.002730e-002
4.218703107182696e-003	1.004229e-002
4.228943107182635e-003	1.001612e-002
4.239183107182574e-003	9.948877e-003
4.249423107182513e-003	9.840854e-003
4.259663107182453e-003	9.692496e-003
4.269903107182392e-003	9.504414e-003
4.280143107182331e-003	9.277386e-003
4.290383107182270e-003	9.012352e-003
4.300623107182209e-003	8.710408e-003
4.310863107182148e-003	8.372801e-003
4.321103107182088e-003	8.000931e-003
4.331343107182027e-003	7.596333e-003
4.341583107181966e-003	7.160682e-003
4.351823107181905e-003	6.695781e-003
4.362063107181844e-003	6.203552e-003
4.372303107181784e-003	5.686032e-003
4.382543107181723e-003	5.145361e-003
4.392783107181662e-003	4.583776e-003
4.403023107181601e-003	4.003602e-003
4.413263107181540e-003	3.407236e-003
4.423503107181480e-003	2.797147e-003
4.433743107181419e-003	2.175859e-003
4.443983107181358e-003	1.545942e-003
4.454223107181297e-003	9.100013e-004
4.464463107181236e-003	2.706682e-004
4.474703107181175e-003	-3.694124e-004
4.484943107181115e-003	-1.007593e-003
4.495183107181054e-003	-1.641232e-003
4.505423107180993e-003	-2.267711e-003
4.515663107180932e-003	-2.884435e-003
4.525903107180871e-003	-3.488856e-003
4.536143107180811e-003	-4.078472e-003
4.546383107180750e-003	-4.650843e-003
4.556623107180689e-003	-5.203604e-003
4.566863107180628e-003	-5.734466e-003
4.577103107180567e-003	-6.241234e-003
4.587343107180507e-003	-6.721813e-003
4.597583107180446e-003	-7.174214e-003
4.607823107180385e-003	-7.596566e-003
4.618063107180324e-003	-7.987123e-003
4.628303107180263e-003	-8.344268e-003
4.638543107180202e-003	-8.666527e-003
4.648783107180142e-003	-8.952565e-003
4.659023107180081e-003	-9.201200e-003
4.669263107180020e-003	-9.411404e-003
4.679503107179959e-003	-9.582309e-003
4.689743107179898e-003	-9.713207e-003
4.699983107179838e-003	-9.803561e-003
4.710223107179777e-003	-9.852994e-003
4.720463107179716e-003	-9.861305e-003
4.730703107179655e-003	-9.828460e-003
4.740943107179594e-003	-9.754596e-003
4.751183107179533e-003	-9.640021e-003
4.761423107179473e-003	-9.485208e-003
4.771663107179412e-003	-9.290800e-003
4.781903107179351e-003	-9.057604e-003
4.792143107179290e-003	-8.786584e-003
4.802383107179229e-003	-8.478863e-003
4.812623107179169e-003	-8.135716e-003
4.822863107179108e-003	-7.758565e-003
4.833103107179047e-003	-7.348971e-003
4.843343107178986e-003	-6.908630e-003
4.853583107178925e-003	-6.439366e-003
4.863823107178865e-003	-5.943122e-003
4.874063107178804e-003	-5.421952e-003
4.884303107178743e-003	-4.878014e-003
4.894543107178682e-003	-4.313562e-003
4.904783107178621e-003	-3.730931e-003
4.915023107178560e-003	-3.132534e-003
4.925263107178500e-003	-2.520848e-003
4.935503107178439e-003	-1.898406e-003
4.945743107178378e-003	-1.267785e-003
4.955983107178317e-003	-6.315958e-004
4.966223107178256e-003	7.527440e-006
4.976463107178196e-003	6.469389e-004
4.986703107178135e-003	1.283991e-003
4.996943107178074e-003	1.916047e-003
5.007183107178013e-003	2.540489e-003
5.017423107177952e-003	3.154733e-003
5.027663107177892e-003	3.756235e-003
5.037903107177831e-003	4.342504e-003
5.048143107177770e-003	4.911114e-003
5.058383107177709e-003	5.459709e-003
5.068623107177648e-003	5.986020e-003
5.078863107177587e-003	6.487865e-003
5.089103107177527e-003	6.963167e-003
5.099343107177466e-003	7.409959e-003
5.109583107177405e-003	7.826389e-003
5.119823107177344e-003	8.210734e-003
5.130063107177283e-003	8.561401e-003
5.140303107177223e-003	8.876937e-003
5.150543107177162e-003	9.156037e-003
5.160783107177101e-003	9.397544e-003
5.171023107177040e-003	9.600456e-003
5.181263107176979e-003	9.763934e-003
5.191503107176919e-003	9.887298e-003
5.201743107176858e-003	9.970037e-003
5.211983107176797e-003	1.001181e-002
5.222223107176736e-003	1.001244e-002
5.232463107176675e-003	9.971918e-003
5.242703107176614e-003	9.890419e-003
5.252943107176554e-003	9.768276e-003
5.263183107176493e-003	9.605993e-003
5.273423107176432e-003	9.404239e-003
5.283663107176371e-003	9.163849e-003
5.293903107176310e-003	8.885816e-003
5.304143107176250e-003	8.571289e-003
5.314383107176189e-003	8.221569e-003
5.324623107176128e-003	7.838100e-003
5.334863107176067e-003	7.422470e-003
5.345103107176006e-003	6.976395e-003
5.355343107175946e-003	6.501722e-003
5.365583107175885e-003	6.000413e-003
5.375823107175824e-003	5.474540e-003
5.386063107175763e-003	4.926280e-003
5.396303107175702e-003	4.357899e-003
5.406543107175641e-003	3.771747e-003
5.416783107175581e-003	3.170251e-003
5.427023107175520e-003	2.555896e-003
5.437263107175459e-003	1.931224e-003
5.447503107175398e-003	1.298819e-003
5.457743107175337e-003	6.612961e-004
5.467983107175277e-003	2.129255e-005
5.478223107175216e-003	-6.185448e-004
5.488463107175155e-003	-1.255569e-003
5.498703107175094e-003	-1.887146e-003
5.508943107175033e-003	-2.510664e-003
5.519183107174972e-003	-3.123543e-003
5.529423107174912e-003	-3.723248e-003
5.539663107174851e-003	-4.307299e-003
5.549903107174790e-003	-4.873281e-003
5.560143107174729e-003	-5.418853e-003
5.570383107174668e-003	-5.941758e-003
5.580623107174608e-003	-6.439834e-003
5.590863107174547e-003	-6.911021e-003
5.601103107174486e-003	-7.353371e-003
5.611343107174425e-003	-7.765054e-003
5.621583107174364e-003	-8.144367e-003
5.631823107174304e-003	-8.489745e-003
5.642063107174243e-003	-8.799756e-003
5.652303107174182e-003	-9.073121e-003
5.662543107174121e-003	-9.308709e-003
5.672783107174060e-003	-9.505547e-003
5.683023107173999e-003	-9.662821e-003
5.693263107173939e-003	-9.779883e-003
5.703503107173878e-003	-9.856247e-003
5.713743107173817e-003	-9.891602e-003
5.723983107173756e-003	-9.885801e-003
5.734223107173695e-003	-9.838869e-003
5.744463107173635e-003	-9.751001e-003
5.754703107173574e-003	-9.622565e-003
5.764943107173513e-003	-9.454090e-003
5.775183107173452e-003	-9.246277e-003
5.785423107173391e-003	-8.999986e-003
5.795663107173331e-003	-8.716238e-003
5.805903107173270e-003	-8.396207e-003
5.816143107173209e-003	-8.041222e-003
5.826383107173148e-003	-7.652751e-003
5.836623107173087e-003	-7.232402e-003
5.846863107173026e-003	-6.781918e-003
5.857103107172966e-003	-6.303163e-003
5.867343107172905e-003	-5.798119e-003
5.877583107172844e-003	-5.268879e-003
5.887823107172783e-003	-4.717633e-003
5.898063107172722e-003	-4.146664e-003
5.908303107172662e-003	-3.558335e-003
5.918543107172601e-003	-2.955084e-003
5.928783107172540e-003	-2.339406e-003
5.939023107172479e-003	-1.713852e-003
5.949263107172418e-003	-1.081011e-003
5.959503107172358e-003	-4.435030e-004
5.969743107172297e-003	1.960322e-004
5.979983107172236e-003	8.349470e-004
5.990223107172175e-003	1.470596e-003
6.000463107172114e-003	2.100348e-003
6.010703107172053e-003	2.721596e-003
6.020943107171993e-003	3.331767e-003
6.031183107171932e-003	3.928335e-003
6.041423107171871e-003	4.508832e-003
6.051663107171810e-003	5.070851e-003
6.061903107171749e-003	5.612068e-003
6.072143107171689e-003	6.130241e-003
6.082383107171628e-003	6.623225e-003
6.092623107171567e-003	7.088978e-003
6.102863107171506e-003	7.525572e-003
6.113103107171445e-003	7.931199e-003
6.123343107171385e-003	8.304180e-003
6.133583107171324e-003	8.642968e-003
6.143823107171263e-003	8.946163e-003
6.154063107171202e-003	9.212507e-003
6.164303107171141e-003	9.440897e-003
6.174543107171080e-003	9.630388e-003
6.184783107171020e-003	9.780193e-003
6.195023107170959e-003	9.889691e-003
6.205263107170898e-003	9.958429e-003
6.215503107170837e-003	9.986121e-003
6.225743107170776e-003	9.972651e-003
6.235983107170716e-003	9.918073e-003
6.246223107170655e-003	9.822614e-003
6.256463107170594e-003	9.686665e-003
6.266703107170533e-003	9.510788e-003
6.276943107170472e-003	9.295712e-003
6.287183107170411e-003	9.042324e-003
6.297423107170351e-003	8.751672e-003
6.307663107170290e-003	8.424956e-003
6.317903107170229e-003	8.063530e-003
6.328143107170168e-003	7.668886e-003
6.338383107170107e-003	7.242657e-003
6.348623107170047e-003	6.786606e-003
6.358863107169986e-003	6.302619e-003
6.369103107169925e-003	5.792698e-003
6.379343107169864e-003	5.258951e-003
6.389583107169803e-003	4.703586e-003
6.399823107169743e-003	4.128901e-003
6.410063107169682e-003	3.537272e-003
6.420303107169621e-003	2.931148e-003
6.430543107169560e-003	2.313034e-003
6.440783107169499e-003	1.685488e-003
6.451023107169438e-003	1.051105e-003
6.461263107169378e-003	4.125106e-004
6.471503107169317e-003	-2.276547e-004
6.481743107169256e-003	-8.667424e-004
6.491983107169195e-003	-1.502109e-003
6.502223107169134e-003	-2.131126e-003
6.512463107169074e-003	-2.751192e-003
6.522703107169013e-003	-3.359742e-003
6.532943107168952e-003	-3.954258e-003
6.543183107168891e-003	-4.532281e-003
6.553423107168830e-003	-5.091420e-003
6.563663107168770e-003	-5.629363e-003
6.573903107168709e-003	-6.143885e-003
6.584143107168648e-003	-6.632856e-003
6.594383107168587e-003	-7.094255e-003
6.604623107168526e-003	-7.526173e-003
6.614863107168465e-003	-7.926824e-003
6.625103107168405e-003	-8.294551e-003
6.635343107168344e-003	-8.627833e-003
6.645583107168283e-003	-8.925292e-003
6.655823107168222e-003	-9.185697e-003
6.666063107168161e-003	-9.407973e-003
6.676303107168101e-003	-9.591200e-003
6.686543107168040e-003	-9.734621e-003
6.696783107167979e-003	-9.837644e-003
6.707023107167918e-003	-9.899843e-003
6.717263107167857e-003	-9.920962e-003
6.727503107167797e-003	-9.900914e-003
6.737743107167736e-003	-9.839782e-003
6.747983107167675e-003	-9.737821e-003
6.758223107167614e-003	-9.595455e-003
6.768463107167553e-003	-9.413271e-003
6.778703107167492e-003	-9.192027e-003
6.788943107167432e-003	-8.932638e-003
6.799183107167371e-003	-8.636178e-003
6.809423107167310e-003	-8.303874e-003
6.819663107167249e-003	-7.937104e-003
6.829903107167188e-003	-7.537385e-003
6.840143107167128e-003	-7.106374e-003
6.850383107167067e-003	-6.645853e-003
6.860623107167006e-003	-6.157730e-003
6.870863107166945e-003	-5.644025e-003
6.881103107166884e-003	-5.106865e-003
6.891343107166824e-003	-4.548475e-003
6.901583107166763e-003	-3.971164e-003
6.911823107166702e-003	-3.377324e-003
6.922063107166641e-003	-2.769412e-003
6.932303107166580e-003	-2.149945e-003
6.942543107166519e-003	-1.521488e-003
6.952783107166459e-003	-8.866412e-004
6.963023107166398e-003	-2.480331e-004
6.973263107166337e-003	3.916929e-004
6.983503107166276e-003	1.029889e-003
6.993743107166215e-003	1.663912e-003
7.003983107166155e-003	2.291139e-003
7.014223107166094e-003	2.908973e-003
7.024463107166033e-003	3.514857e-003
7.034703107165972e-003	4.106283e-003
7.044943107165911e-003	4.680802e-003
7.055183107165850e-003	5.236035e-003
7.065423107165790e-003	5.769686e-003
7.075663107165729e-003	6.279544e-003
7.085903107165668e-003	6.763499e-003
7.096143107165607e-003	7.219548e-003
7.106383107165546e-003	7.645802e-003
7.116623107165486e-003	8.040497e-003
7.126863107165425e-003	8.401998e-003
7.137103107165364e-003	8.728811e-003
7.147343107165303e-003	9.019579e-003
7.157583107165242e-003	9.273101e-003
7.167823107165182e-003	9.488326e-003
7.178063107165121e-003	9.664363e-003
7.188303107165060e-003	9.800483e-003
7.198543107164999e-003	9.896120e-003
7.208783107164938e-003	9.950880e-003
7.219023107164877e-003	9.964535e-003
7.229263107164817e-003	9.937027e-003
7.239503107164756e-003	9.868471e-003
7.249743107164695e-003	9.759148e-003
7.259983107164634e-003	9.609510e-003
7.270223107164573e-003	9.420177e-003
7.280463107164513e-003	9.191930e-003
7.290703107164452e-003	8.925715e-003
7.300943107164391e-003	8.622630e-003
7.311183107164330e-003	8.283931e-003
7.321423107164269e-003	7.911018e-003
7.331663107164209e-003	7.505435e-003
7.341903107164148e-003	7.068857e-003
7.352143107164087e-003	6.603091e-003
7.362383107164026e-003	6.110066e-003
7.372623107163965e-003	5.591819e-003
7.382863107163904e-003	5.050494e-003
7.393103107163844e-003	4.488332e-003
7.403343107163783e-003	3.907658e-003
7.413583107163722e-003	3.310874e-003
7.423823107163661e-003	2.700449e-003
7.434063107163600e-003	2.078909e-003
7.444303107163540e-003	1.448826e-003
7.454543107163479e-003	8.128048e-004
7.464783107163418e-003	1.734783e-004
7.475023107163357e-003	-4.665089e-004
7.485263107163296e-003	-1.104509e-003
7.495503107163236e-003	-1.737882e-003
7.505743107163175e-003	-2.364008e-003
7.515983107163114e-003	-2.980297e-003
7.526223107163053e-003	-3.584198e-003
7.536463107162992e-003	-4.173214e-003
7.546703107162931e-003	-4.744906e-003
7.556943107162871e-003	-5.296911e-003
7.567183107162810e-003	-5.826944e-003
7.577423107162749e-003	-6.332813e-003
7.587663107162688e-003	-6.812424e-003
7.597903107162627e-003	-7.263794e-003
7.608143107162567e-003	-7.685055e-003
7.618383107162506e-003	-8.074464e-003
7.628623107162445e-003	-8.430412e-003
7.638863107162384e-003	-8.751424e-003
7.649103107162323e-003	-9.036174e-003
7.659343107162263e-003	-9.283483e-003
7.669583107162202e-003	-9.492328e-003
7.679823107162141e-003	-9.661847e-003
7.690063107162080e-003	-9.791338e-003
7.700303107162019e-003	-9.880264e-003
7.710543107161958e-003	-9.928261e-003
7.720783107161898e-003	-9.935128e-003
7.731023107161837e-003	-9.900837e-003
7.741263107161776e-003	-9.825532e-003
7.751503107161715e-003	-9.709525e-003
7.761743107161654e-003	-9.553296e-003
7.771983107161594e-003	-9.357492e-003
7.782223107161533e-003	-9.122924e-003
7.792463107161472e-003	-8.850562e-003
7.802703107161411e-003	-8.541536e-003
7.812943107161350e-003	-8.197122e-003
7.823183107161289e-003	-7.818749e-003
7.833423107161229e-003	-7.407981e-003
7.843663107161168e-003	-6.966520e-003
7.853903107161107e-003	-6.496191e-003
7.864143107161046e-003	-5.998943e-003
7.874383107160985e-003	-5.476833e-003
7.884623107160925e-003	-4.932023e-003
7.894863107160864e-003	-4.366767e-003
7.905103107160803e-003	-3.783404e-003
7.915343107160742e-003	-3.184350e-003
7.925583107160681e-003	-2.572084e-003
7.935823107160621e-003	-1.949139e-003
7.946063107160560e-003	-1.318095e-003
7.956303107160499e-003	-6.815626e-004
7.966543107160438e-003	-4.217674e-005
7.976783107160377e-003	5.974163e-004
7.987023107160316e-003	1.234569e-003
7.997263107160256e-003	1.866646e-003
8.007503107160195e-003	2.491029e-003
8.017743107160134e-003	3.105134e-003
8.027983107160073e-003	3.706421e-003
8.038223107160012e-003	4.292400e-003
8.048463107159952e-003	4.860647e-003
8.058703107159891e-003	5.408808e-003
8.068943107159830e-003	5.934616e-003
8.079183107159769e-003	6.435894e-003
8.089423107159708e-003	6.910567e-003
8.099663107159648e-003	7.356672e-003
8.109903107159587e-003	7.772360e-003
8.120143107159526e-003	8.155912e-003
8.130383107159465e-003	8.505741e-003
8.140623107159404e-003	8.820397e-003
8.150863107159343e-003	9.098579e-003
8.161103107159283e-003	9.339136e-003
8.171343107159222e-003	9.541070e-003
8.181583107159161e-003	9.703548e-003
8.191823107159100e-003	9.825894e-003
8.202063107159039e-003	9.907603e-003
8.212303107158979e-003	9.948337e-003
8.222543107158918e-003	9.947928e-003
8.232783107158857e-003	9.906374e-003
8.243023107158796e-003	9.823849e-003
8.253263107158735e-003	9.700694e-003
8.263503107158675e-003	9.537418e-003
8.273743107158614e-003	9.334696e-003
8.283983107158553e-003	9.093367e-003
8.294223107158492e-003	8.814430e-003
8.304463107158431e-003	8.499038e-003
8.314703107158370e-003	8.148496e-003
8.324943107158310e-003	7.764254e-003
8.335183107158249e-003	7.347903e-003
8.345423107158188e-003	6.901165e-003
8.355663107158127e-003	6.425887e-003
8.365903107158066e-003	5.924037e-003
8.376143107158006e-003	5.397691e-003
8.386383107157945e-003	4.849027e-003
8.396623107157884e-003	4.280316e-003
8.406863107157823e-003	3.693909e-003
8.417103107157762e-003	3.092234e-003
8.427343107157701e-003	2.477781e-003
8.437583107157641e-003	1.853091e-003
8.447823107157580e-003	1.220749e-003
8.458063107157519e-003	5.833724e-004
8.468303107157458e-003	-5.640216e-005
8.478543107157397e-003	-6.959274e-004
8.488783107157337e-003	-1.332557e-003
8.499023107157276e-003	-1.963657e-003
8.509263107157215e-003	-2.586615e-003
8.519503107157154e-003	-3.198855e-003
8.529743107157093e-003	-3.797842e-003
8.539983107157033e-003	-4.381099e-003
8.550223107156972e-003	-4.946212e-003
8.560463107156911e-003	-5.490843e-003
8.570703107156850e-003	-6.012738e-003
8.580943107156789e-003	-6.509738e-003
8.591183107156728e-003	-6.979786e-003
8.601423107156668e-003	-7.420938e-003
8.611663107156607e-003	-7.831368e-003
8.621903107156546e-003	-8.209377e-003
8.632143107156485e-003	-8.553402e-003
8.642383107156424e-003	-8.862020e-003
8.652623107156364e-003	-9.133954e-003
8.662863107156303e-003	-9.368078e-003
8.673103107156242e-003	-9.563424e-003
8.683343107156181e-003	-9.719183e-003
8.693583107156120e-003	-9.834712e-003
8.703823107156060e-003	-9.909533e-003
8.714063107155999e-003	-9.943335e-003
8.724303107155938e-003	-9.935981e-003
8.734543107155877e-003	-9.887499e-003
8.744783107155816e-003	-9.798091e-003
8.755023107155755e-003	-9.668128e-003
8.765263107155695e-003	-9.498146e-003
8.775503107155634e-003	-9.288850e-003
8.785743107155573e-003	-9.041107e-003
8.795983107155512e-003	-8.755941e-003
8.806223107155451e-003	-8.434533e-003
8.816463107155391e-003	-8.078213e-003
8.826703107155330e-003	-7.688455e-003
8.836943107155269e-003	-7.266874e-003
8.847183107155208e-003	-6.815213e-003
8.857423107155147e-003	-6.335342e-003
8.867663107155087e-003	-5.829247e-003
8.877903107155026e-003	-5.299021e-003
8.888143107154965e-003	-4.746861e-003
8.898383107154904e-003	-4.175051e-003
8.908623107154843e-003	-3.585957e-003
8.918863107154782e-003	-2.982017e-003
8.929103107154722e-003	-2.365730e-003
8.939343107154661e-003	-1.739648e-003
8.949583107154600e-003	-1.106361e-003
8.959823107154539e-003	-4.684893e-004
8.970063107154478e-003	1.713263e-004
8.980303107154418e-003	8.104383e-004
8.990543107154357e-003	1.446202e-003
9.000783107154296e-003	2.075986e-003
9.011023107154235e-003	2.697184e-003
9.021263107154174e-003	3.307225e-003
9.031503107154114e-003	3.903585e-003
9.041743107154053e-003	4.483796e-003
9.051983107153992e-003	5.045457e-003
9.062223107153931e-003	5.586242e-003
9.072463107153870e-003	6.103915e-003
9.082703107153809e-003	6.596332e-003
9.092943107153749e-003	7.061456e-003
9.103183107153688e-003	7.497362e-003
9.113423107153627e-003	7.902246e-003
9.123663107153566e-003	8.274432e-003
9.133903107153505e-003	8.612381e-003
9.144143107153445e-003	8.914692e-003
9.154383107153384e-003	9.180116e-003
9.164623107153323e-003	9.407555e-003
9.174863107153262e-003	9.596065e-003
9.185103107153201e-003	9.744867e-003
9.195343107153140e-003	9.853345e-003
9.205583107153080e-003	9.921051e-003
9.215823107153019e-003	9.947703e-003
9.226063107152958e-003	9.933192e-003
9.236303107152897e-003	9.877577e-003
9.246543107152836e-003	9.781090e-003
9.256783107152776e-003	9.644127e-003
9.267023107152715e-003	9.467257e-003
9.277263107152654e-003	9.251211e-003
9.287503107152593e-003	8.996883e-003
9.297743107152532e-003	8.705325e-003
9.307983107152472e-003	8.377744e-003
9.318223107152411e-003	8.015496e-003
9.328463107152350e-003	7.620078e-003
9.338703107152289e-003	7.193127e-003
9.348943107152228e-003	6.736411e-003
9.359183107152167e-003	6.251819e-003
9.369423107152107e-003	5.741355e-003
9.379663107152046e-003	5.207133e-003
9.389903107151985e-003	4.651364e-003
9.400143107151924e-003	4.076346e-003
9.410383107151863e-003	3.484459e-003
9.420623107151803e-003	2.878153e-003
9.430863107151742e-003	2.259936e-003
9.441103107151681e-003	1.632367e-003
9.451343107151620e-003	9.980417e-004
9.461583107151559e-003	3.595862e-004
9.471823107151499e-003	-2.803580e-004
9.482063107151438e-003	-9.191427e-004
9.492303107151377e-003	-1.554125e-003
9.502543107151316e-003	-2.182677e-003
9.512783107151255e-003	-2.802197e-003
9.523023107151194e-003	-3.410123e-003
9.533263107151134e-003	-4.003938e-003
9.543503107151073e-003	-4.581185e-003
9.553743107151012e-003	-5.139476e-003
9.563983107150951e-003	-5.676500e-003
9.574223107150890e-003	-6.190035e-003
9.584463107150830e-003	-6.677957e-003
9.594703107150769e-003	-7.138246e-003
9.604943107150708e-003	-7.568997e-003
9.615183107150647e-003	-7.968428e-003
9.625423107150586e-003	-8.334885e-003
9.635663107150526e-003	-8.666854e-003
9.645903107150465e-003	-8.962960e-003
9.656143107150404e-003	-9.221978e-003
9.666383107150343e-003	-9.442835e-003
9.676623107150282e-003	-9.624618e-003
9.686863107150221e-003	-9.766576e-003
9.697103107150161e-003	-9.868120e-003
9.707343107150100e-003	-9.928830e-003
9.717583107150039e-003	-9.948456e-003
9.727823107149978e-003	-9.926916e-003
9.738063107149917e-003	-9.864299e-003
9.748303107149857e-003	-9.760864e-003
9.758543107149796e-003	-9.617040e-003
9.768783107149735e-003	-9.433421e-003
9.779023107149674e-003	-9.210769e-003
9.789263107149613e-003	-8.950003e-003
9.799503107149553e-003	-8.652205e-003
9.809743107149492e-003	-8.318604e-003
9.819983107149431e-003	-7.950583e-003
9.830223107149370e-003	-7.549663e-003
9.840463107149309e-003	-7.117506e-003
9.850703107149248e-003	-6.655897e-003
9.860943107149188e-003	-6.166750e-003
9.871183107149127e-003	-5.652086e-003
9.881423107149066e-003	-5.114037e-003
9.891663107149005e-003	-4.554828e-003
9.901903107148944e-003	-3.976773e-003
9.912143107148884e-003	-3.382266e-003
9.922383107148823e-003	-2.773766e-003
9.932623107148762e-003	-2.153792e-003
9.942863107148701e-003	-1.524908e-003
9.953103107148640e-003	-8.897183e-004
9.963343107148579e-003	-2.508502e-004
9.973583107148519e-003	3.890521e-004
9.983823107148458e-003	1.027341e-003
9.994063107148397e-003	1.661374e-003
9.999993107148362e-003	2.025565e-003
1.000000000000000e-002	2.025987e-003
